%YAML:1.0
---
model_type: PINHOLE
camera_name: camera
image_width: 752
image_height: 480
distortion_parameters:
   k1: -2.9922113870659728e-01
   k2: 9.3547070422499670e-02
   p1: -1.0009157082703340e-04
   p2: -7.9204145064681698e-05
projection_parameters:
   fx: 4.6894871955318592e+02
   fy: 4.6967844581672750e+02
   cx: 3.5297814528263177e+02
   cy: 2.2970586969452916e+02
